"","0","1","2","3","4","5","6","7","8","9","10","11","12","13","14","15","16","17","18","19","20","21","22","23","24","25","26","27","28","29","30","31","32","33","34","35","36","37","38","39","40","41","42","43","44"
"0",0,0.0190370838572523,0.0181450612303433,0.0509952704227367,0.0518266757969821,0.0513775887482869,0.0668394543367071,0.0574270253120024,0.0600306715114764,0.0423637463715409,0.0379848246389849,0.0436967812508827,0.0891053499973311,0.0827215618006955,0.0878756274706126,0.0443662320817245,0.0468223361252903,0.0453077880253516,0.0563837699344791,0.0637379148944388,0.0717211704598651,0.0456855357969904,0.0710914955424736,0.0618702784397599,0.0482324938439729,0.0523395537529635,0.0449662027954959,0.0618421469355472,0.0637115871122937,0.0617960846712197,0.0804159723031504,0.0577296001022298,0.0592128024846165,0.0512202853830438,0.0611122860044123,0.0649099204928706,0.0548812739400036,0.04187724458996,0.0482345800114901,0.0698778884087683,0.0627231584980724,0.0690159759545084,0.0456919558905702,0.0496347770217279,0.0449633976573156
"1",0.0190370838572523,0,0.0153162913538291,0.0493093928968301,0.0497020372355887,0.0507636821501891,0.0604051849903654,0.0508073355629285,0.0524401859939419,0.0492429730481703,0.0431126190962158,0.0491448431033198,0.0836797347738573,0.0745909993010437,0.0802071401747766,0.0399015884590262,0.0462413294201307,0.047232500619787,0.0636375498571396,0.0663594318454867,0.0762268796938982,0.0496732772724661,0.0755488316286875,0.062759369145679,0.045997083328196,0.0472915743762353,0.0393184883229422,0.0590441565697277,0.0582001760761906,0.0595538809238494,0.0733348987574952,0.0533034064524457,0.0547269498300626,0.0558960825845538,0.0668264835431804,0.0683067541195511,0.0606054295820891,0.0510044239788071,0.0592532937004757,0.0713663058032973,0.0634786744039814,0.0655976921587063,0.0438096191313379,0.0507087553691161,0.0435123939817365
"2",0.0181450612303433,0.0153162913538291,0,0.047033708499797,0.0480414358005361,0.0491733992510796,0.0633312753779266,0.0534471354073525,0.0564426526171282,0.0461831805303991,0.0418366638478555,0.0486878132267149,0.083652730217844,0.0759205834528267,0.081692657517507,0.0419605350418702,0.0497607851993754,0.0489367480327977,0.0609468141435068,0.0653503312433944,0.0750423835992638,0.0526996969079451,0.0764349187061273,0.0647465555091275,0.0457227032070759,0.0479911623837885,0.0406465384231615,0.0591030176951508,0.0586693152078738,0.0592637270983765,0.0738546469669936,0.0528883248212475,0.0559300128247937,0.0549622895117903,0.0669876768090613,0.0704200830121107,0.0589472374068231,0.049828914015394,0.0583811289649131,0.0702207264644963,0.0639189550567576,0.0655208605166609,0.0419513585670551,0.0499234574631006,0.0420897324598282
"3",0.0509952704227367,0.0493093928968301,0.047033708499797,0,0.0146900688507835,0.0155810595717137,0.0752144455949872,0.072170747294935,0.0711847072877778,0.0582673207391417,0.051433831125429,0.0601812934305832,0.0804771775835631,0.0736609157199838,0.0799750734254644,0.0380848852072098,0.053583219288759,0.0557272577686555,0.0729367701955057,0.0671619324795557,0.0808758712104239,0.0679996835999008,0.0899206486155656,0.0773920975493515,0.0346503653463044,0.042989973495506,0.0397366396206401,0.0506391368603793,0.0484544692181323,0.0493397843480193,0.0636090617054156,0.0529642015316088,0.0555238385680696,0.0610451365591294,0.0793976908834901,0.0763687305409394,0.064168589112501,0.0576803431435974,0.068611094985645,0.0564684894751736,0.05383868303219,0.054296826127738,0.0440136863794872,0.0549553501459753,0.0459249013414982
"4",0.0518266757969821,0.0497020372355887,0.0480414358005361,0.0146900688507835,0,0.00776722203061759,0.0726311113795264,0.0710528563840779,0.0692574859677251,0.0595841353533861,0.051702037412517,0.0606530711245782,0.0781222507340014,0.0732020267189464,0.0781672764591853,0.0343707949440639,0.0505355162829573,0.0530784034701704,0.0732629605240636,0.0648743919303146,0.0796457574576395,0.0670480561551705,0.0920655142460327,0.0785914912290364,0.0378689125507065,0.0454615852395442,0.0412766000916004,0.0526611088880183,0.0494296169729542,0.050119975830321,0.0680635883562805,0.0544232566562525,0.0555842746661681,0.0586232427099163,0.078318475055303,0.0741677723614943,0.0619977007803478,0.0556895828117192,0.0698824512598576,0.0539395949162556,0.0533627397758769,0.0525578654321129,0.0434423390690477,0.0542629853068535,0.0451812762489963
"5",0.0513775887482869,0.0507636821501891,0.0491733992510796,0.0155810595717137,0.00776722203061759,0,0.0769748609029926,0.0747872320882886,0.0731575842989347,0.0580564359341151,0.0504388218509311,0.0592811820562005,0.0815484139229768,0.0767232931227285,0.081735399884819,0.0365698817850167,0.0500728566689051,0.0529029819960845,0.0721951565941649,0.0646978572645617,0.0790537194834204,0.0648448354827606,0.0912939389664711,0.0785482835199524,0.037398283662754,0.0458364382961393,0.0418229890780836,0.0525541397168999,0.0506629622440423,0.0508752462728556,0.0695342078834444,0.0560771778499545,0.0568355416709595,0.0580138712009485,0.0775838243614087,0.073670039057593,0.0627118951599379,0.0545468675118503,0.0670521795090006,0.05341802208842,0.0528875873399917,0.0540724976170333,0.0456236360149236,0.0526794464887585,0.04515412329345
"6",0.0668394543367071,0.0604051849903654,0.0633312753779266,0.0752144455949872,0.0726311113795264,0.0769748609029926,0,0.0186677230550997,0.0121195460947513,0.0861049429939852,0.079468218872921,0.0836454728262586,0.0695056497452342,0.0621122705300082,0.0629074832055413,0.0519033419251645,0.0693889875542166,0.0667531664255551,0.0917389640619898,0.0873543380610036,0.0976094458259181,0.0855148022838038,0.0815519462036856,0.0672233284723695,0.0752660493649756,0.0761943601805332,0.0705066590273399,0.0761979135911547,0.0747569189440517,0.0726666919805458,0.0943595895878051,0.069370593230782,0.0672482770174699,0.0817207003797554,0.0894517762099847,0.0887726209708478,0.0637643648174915,0.071657045999257,0.0904913706354923,0.0843507623178702,0.0737798033562705,0.0695754575213731,0.0584104945578058,0.0810315355736121,0.0716914372182172
"7",0.0574270253120024,0.0508073355629285,0.0534471354073525,0.072170747294935,0.0710528563840779,0.0747872320882886,0.0186677230550997,0,0.0118982216993822,0.0752987304654867,0.0700530951089434,0.0734041478900251,0.0769988980231915,0.0680528114584424,0.0705681628314851,0.0528951518586541,0.0648137205635447,0.0623443905328677,0.0817423055790462,0.0834951775021427,0.091534343533249,0.0757452183810134,0.0718709755997971,0.0574903532705177,0.0738898921488186,0.0742107455164891,0.0677504249154485,0.0754236957370278,0.0748350568227613,0.073229763518374,0.0954665156097877,0.0699276927129353,0.0689029350452965,0.0744126591811806,0.0792278554439783,0.0816987592159232,0.0619317517191476,0.0674635283130841,0.0819912076773908,0.0876903674411254,0.0760529196432901,0.0735195894831584,0.0549366842086852,0.0750156196028782,0.0664207521424035
"8",0.0600306715114764,0.0524401859939419,0.0564426526171282,0.0711847072877778,0.0692574859677251,0.0731575842989347,0.0121195460947513,0.0118982216993822,0,0.0799698537764719,0.0733499570129906,0.077359370890553,0.0717273267594562,0.0628387498214141,0.0645026843217086,0.0491090382415763,0.0636389888299,0.0622590946698992,0.08642955029093,0.0840486064382149,0.0938280928261023,0.078429328204352,0.0769751558320378,0.0617590909536078,0.0714173463908623,0.0722329207421456,0.0660002210878128,0.0728497515533703,0.071569386476757,0.0705249951760719,0.0917917372277692,0.0666972879821869,0.0645083626738149,0.0766702472211141,0.0835096819758435,0.0837836693722241,0.0625657283463841,0.0685586121625746,0.0853212376673761,0.0833380678213905,0.0720607960235526,0.0683115070998907,0.0551795146606361,0.0753242922479743,0.0665006804336025
"9",0.0423637463715409,0.0492429730481703,0.0461831805303991,0.0582673207391417,0.0595841353533861,0.0580564359341151,0.0861049429939852,0.0752987304654867,0.0799698537764719,0,0.0126584924970784,0.0120351149647201,0.107992823838112,0.103579632415824,0.109557309376459,0.06185523539424,0.0412814286330867,0.0379655588612397,0.0234617106263342,0.0495859347635954,0.0476711823595456,0.043068401533563,0.0712891992600763,0.0669842751732538,0.0626116799835299,0.0648402130131835,0.0625920940260269,0.0837878315687085,0.0865398783319455,0.0829970053739758,0.10161573085712,0.0823560686090469,0.0825759483563216,0.0293426459943993,0.0391518301768677,0.0402987643263952,0.0594631370154774,0.0508527102982429,0.0376269438621209,0.0865742773550206,0.077397287351141,0.0855850629783999,0.0526613315559961,0.0573243440905745,0.0525420598236543
"10",0.0379848246389849,0.0431126190962158,0.0418366638478555,0.051433831125429,0.051702037412517,0.0504388218509311,0.079468218872921,0.0700530951089434,0.0733499570129906,0.0126584924970784,0,0.0103277519024915,0.101172498619298,0.0969458934277393,0.102568937254514,0.0520453189491591,0.0318385731808759,0.0289926720401454,0.0282383798577789,0.0445655107630252,0.0463825411385395,0.0394171536467131,0.0702351199225755,0.0647697281154461,0.0543636987827117,0.0564108119058612,0.0539473169925521,0.077564752239842,0.0800295291645088,0.0765474998531812,0.0949669259282696,0.075387158988717,0.07507767100485,0.0219444151848093,0.0377562362480417,0.035302522988987,0.0521279400114177,0.0439371371851431,0.0356057456860296,0.0803244177487163,0.0704969292461389,0.0783047323883536,0.0453839289980826,0.0506574845175852,0.0452797740480191
"11",0.0436967812508827,0.0491448431033198,0.0486878132267149,0.0601812934305832,0.0606530711245782,0.0592811820562005,0.0836454728262586,0.0734041478900251,0.077359370890553,0.0120351149647201,0.0103277519024915,0,0.108755584933163,0.10437455164603,0.110022932857251,0.0599093780610956,0.0360339113600707,0.0328542258369019,0.0242575272870749,0.0480580789596421,0.0456091927251818,0.0419223039083004,0.0700593257269822,0.0666432169735738,0.0629802761486813,0.0647234474723789,0.0625049614321956,0.085792999382691,0.0887892914423764,0.0850227152609513,0.10267759311208,0.0827937179355558,0.0823285334493433,0.0236253260113964,0.0315323249251197,0.0314133186316585,0.0569098736005038,0.0495595388685589,0.0358556843108596,0.0881473973755221,0.0771540806483903,0.085944864566903,0.0530436106399279,0.057195851065209,0.0533250687582328
"12",0.0891053499973311,0.0836797347738573,0.083652730217844,0.0804771775835631,0.0781222507340014,0.0815484139229768,0.0695056497452342,0.0769988980231915,0.0717273267594562,0.107992823838112,0.101172498619298,0.108755584933163,0,0.0265159104932039,0.0203848232497447,0.0669577557727733,0.0920076751073901,0.0891389475513389,0.111940592346606,0.0911646074706871,0.107748983833691,0.100956026512143,0.107073363351222,0.0947150093184413,0.0712790275493551,0.0714581287931718,0.0672751476441657,0.0545958590722459,0.0538656665178838,0.0503268551143426,0.0801131307613394,0.0617654772555437,0.0563398761254396,0.101191553826316,0.121791724380338,0.11223378545416,0.0829273246922592,0.0883917361763447,0.109172195525259,0.0623656476162227,0.05962178247173,0.0476674438388306,0.0653281050894759,0.0820107242647018,0.0707020251652423
"13",0.0827215618006955,0.0745909993010437,0.0759205834528267,0.0736609157199838,0.0732020267189464,0.0767232931227285,0.0621122705300082,0.0680528114584424,0.0628387498214141,0.103579632415824,0.0969458934277393,0.10437455164603,0.0265159104932039,0,0.0141005991575387,0.0599260025926082,0.0864442283954872,0.0860351844412496,0.111687670864797,0.09662037711938,0.112328008126699,0.0968679291523522,0.0999121678242704,0.0845511725590164,0.063463828795843,0.0647948694750508,0.0599610710107291,0.0459844958608008,0.0431330796825058,0.0439560826724529,0.0722055576614328,0.0591120568717061,0.0554957287483625,0.100775601133974,0.11847504888499,0.112125942152612,0.0843448556859484,0.088653092628458,0.106999649756039,0.067143479259466,0.0616312921178945,0.0492216390495493,0.0618201824144166,0.0800026184876655,0.069010932306079
"14",0.0878756274706126,0.0802071401747766,0.081692657517507,0.0799750734254644,0.0781672764591853,0.081735399884819,0.0629074832055413,0.0705681628314851,0.0645026843217086,0.109557309376459,0.102568937254514,0.110022932857251,0.0203848232497447,0.0141005991575387,0,0.0643667090067781,0.0911637894945004,0.0902501575363544,0.116091143703628,0.0983735338311799,0.114666764801824,0.100750851312636,0.105098424068304,0.089840567476367,0.0705818563366496,0.0709616924305278,0.0659887125991615,0.0516377160228963,0.0482439270851767,0.0488190109694075,0.0769523445809229,0.0615089763791759,0.056573068789102,0.104887397166815,0.123355787780846,0.115777334721155,0.0867253903771357,0.0915472982619146,0.112186122401123,0.0679396541175955,0.0643377388174138,0.0508411610105837,0.0678261753318738,0.0849761990250601,0.0740678404739312
"15",0.0443662320817245,0.0399015884590262,0.0419605350418702,0.0380848852072098,0.0343707949440639,0.0365698817850167,0.0519033419251645,0.0528951518586541,0.0491090382415763,0.06185523539424,0.0520453189491591,0.0599093780610956,0.0669577557727733,0.0599260025926082,0.0643667090067781,0,0.0402297630875685,0.039508784882743,0.0734602356054628,0.0626112503172661,0.0777366611954396,0.0614856917968705,0.0806660388600155,0.0679380590864765,0.0298208243719532,0.0333161514272163,0.0296160249407151,0.048842540271776,0.0478318198984591,0.0460459287504306,0.0650504945925606,0.0456940140885328,0.0441427079484874,0.0570073330034333,0.0756339991142455,0.0701194494059789,0.0477221122860443,0.0463934511381761,0.0655156610124921,0.05622270910791,0.0474780238008114,0.0477551384603267,0.0358957555437634,0.0535906368219187,0.0429458498428453
"16",0.0468223361252903,0.0462413294201307,0.0497607851993754,0.053583219288759,0.0505355162829573,0.0500728566689051,0.0693889875542166,0.0648137205635447,0.0636389888299,0.0412814286330867,0.0318385731808759,0.0360339113600707,0.0920076751073901,0.0864442283954872,0.0911637894945004,0.0402297630875685,0,0.0155039600730735,0.0498991196219059,0.0504656176520589,0.0575628500577089,0.0479508076597802,0.0765980788474485,0.06606257201856,0.0497652944606084,0.0531968477563386,0.052057319276865,0.0741873045107464,0.0746453176003107,0.0727397528021348,0.0921053686725925,0.0735847416303123,0.0699078124460695,0.0344303123711022,0.0511308217368898,0.0424059835446502,0.0519185738387393,0.0490298564591291,0.051819471963771,0.0752991780522349,0.0654589038255248,0.0702936675104267,0.0457835636322316,0.0554665074015735,0.048374925081978
"17",0.0453077880253516,0.047232500619787,0.0489367480327977,0.0557272577686555,0.0530784034701704,0.0529029819960845,0.0667531664255551,0.0623443905328677,0.0622590946698992,0.0379655588612397,0.0289926720401454,0.0328542258369019,0.0891389475513389,0.0860351844412496,0.0902501575363544,0.039508784882743,0.0155039600730735,0,0.0427392375981213,0.0418194791965038,0.0486827697731319,0.0474467537848189,0.0734777387338515,0.0661341405094146,0.050251331859832,0.0516180814674154,0.0514497168366707,0.0747073730484609,0.0766259614035495,0.072414944330169,0.0922296732481353,0.0710124316299617,0.0675524602495221,0.0295046146956721,0.0489655085973556,0.0377192220068076,0.0433261345990843,0.0421431044304517,0.0462652836884801,0.0740636596672658,0.0627271047509091,0.0695270027740964,0.0430090445517283,0.0561710639850745,0.0474526646540859
"18",0.0563837699344791,0.0636375498571396,0.0609468141435068,0.0729367701955057,0.0732629605240636,0.0721951565941649,0.0917389640619898,0.0817423055790462,0.08642955029093,0.0234617106263342,0.0282383798577789,0.0242575272870749,0.111940592346606,0.111687670864797,0.116091143703628,0.0734602356054628,0.0498991196219059,0.0427392375981213,0,0.0405268695163897,0.0305694053153002,0.0524811341855991,0.0775250126467413,0.0769297330088732,0.0760669320604795,0.0762828239450306,0.0753687305422805,0.0962955406298609,0.0997974110327341,0.0948088590921668,0.113491159980396,0.0914116339597408,0.0900701858252581,0.0299542368526985,0.0402285887539054,0.0328962186304631,0.0621545133394455,0.057425446540072,0.0435223060014236,0.093188444046222,0.0830939839998127,0.0921335542429958,0.0609131118547451,0.0673075653125942,0.0614579114142919
"19",0.0637379148944388,0.0663594318454867,0.0653503312433944,0.0671619324795557,0.0648743919303146,0.0646978572645617,0.0873543380610036,0.0834951775021427,0.0840486064382149,0.0495859347635954,0.0445655107630252,0.0480580789596421,0.0911646074706871,0.09662037711938,0.0983735338311799,0.0626112503172661,0.0504656176520589,0.0418194791965038,0.0405268695163897,0,0.0212118339642906,0.0633978710407494,0.0947762402064043,0.090732665788637,0.0647163527096933,0.0609806533836929,0.0631644782975855,0.0868495346902965,0.0885964435402121,0.0842571255953452,0.0948208210009867,0.0739606408571392,0.0700952426475276,0.0399847904556302,0.0668410658236676,0.0445555035617776,0.0604427705315442,0.0580136462169763,0.0600989109153627,0.0730288877553158,0.0649339532296026,0.0713561865674386,0.0549205587183565,0.0649959242021467,0.0539883225724946
"20",0.0717211704598651,0.0762268796938982,0.0750423835992638,0.0808758712104239,0.0796457574576395,0.0790537194834204,0.0976094458259181,0.091534343533249,0.0938280928261023,0.0476711823595456,0.0463825411385395,0.0456091927251818,0.107748983833691,0.112328008126699,0.114666764801824,0.0777366611954396,0.0575628500577089,0.0486827697731319,0.0305694053153002,0.0212118339642906,0,0.0663916141715817,0.094634044558663,0.0939190658906897,0.0798073805293756,0.0767721956925433,0.078526181297477,0.102017019231414,0.104836279530094,0.0997888460049908,0.111873619942905,0.0906309699589326,0.0872818321430431,0.0401881445263956,0.060202544685174,0.0378702534108207,0.0680938478878964,0.0661009405602075,0.0592804741055624,0.0899225858656196,0.0802343401552749,0.0885500080131643,0.0668832946799393,0.0747714735951624,0.0665814324999807
"21",0.0456855357969904,0.0496732772724661,0.0526996969079451,0.0679996835999008,0.0670480561551705,0.0648448354827606,0.0855148022838038,0.0757452183810134,0.078429328204352,0.043068401533563,0.0394171536467131,0.0419223039083004,0.100956026512143,0.0968679291523522,0.100750851312636,0.0614856917968705,0.0479508076597802,0.0474467537848189,0.0524811341855991,0.0633978710407494,0.0663916141715817,0,0.0564316785192927,0.0517598977883974,0.0635882926668544,0.063747575838334,0.0570065813939791,0.0718529990707014,0.0767521833540428,0.0717594208127077,0.10600657232435,0.0848382644814054,0.0823705665647089,0.0425184408777786,0.0524659588511963,0.0517156099738812,0.0543223638462623,0.0445078356472239,0.0409592186136761,0.0894956096452954,0.0803935879512457,0.0877535363552303,0.0552438602102125,0.047221131957754,0.0477281612001606
"22",0.0710914955424736,0.0755488316286875,0.0764349187061273,0.0899206486155656,0.0920655142460327,0.0912939389664711,0.0815519462036856,0.0718709755997971,0.0769751558320378,0.0712891992600763,0.0702351199225755,0.0700593257269822,0.107073363351222,0.0999121678242704,0.105098424068304,0.0806660388600155,0.0765980788474485,0.0734777387338515,0.0775250126467413,0.0947762402064043,0.094634044558663,0.0564316785192927,0,0.0257175943561865,0.0860783815789463,0.0889622074372402,0.0817668283074396,0.0838680984427043,0.0935683522098191,0.0838651928932421,0.128116938933847,0.104417888597222,0.102483988654916,0.0705956008686877,0.0656639943650901,0.0759082680218735,0.0587218444419576,0.0626247214251102,0.0573998315374405,0.110455213258102,0.0952207434375386,0.103155363593886,0.0675621910509727,0.0682549439686459,0.0715659099371679
"23",0.0618702784397599,0.062759369145679,0.0647465555091275,0.0773920975493515,0.0785914912290364,0.0785482835199524,0.0672233284723695,0.0574903532705177,0.0617590909536078,0.0669842751732538,0.0647697281154461,0.0666432169735738,0.0947150093184413,0.0845511725590164,0.089840567476367,0.0679380590864765,0.06606257201856,0.0661341405094146,0.0769297330088732,0.090732665788637,0.0939190658906897,0.0517598977883974,0.0257175943561865,0,0.0760089536513871,0.0796692739540574,0.0713675320188163,0.0712116489863851,0.0776613698419105,0.0709214898909294,0.116018444042443,0.0935604083507402,0.0912616133666029,0.0681516950727088,0.0679365542957915,0.0758661411818139,0.0581446040908802,0.0603673738826656,0.0618745068557703,0.0992512256521053,0.0866623881440633,0.0906941857142779,0.0575747849651119,0.0620231715050594,0.0626056456660121
"24",0.0482324938439729,0.045997083328196,0.0457227032070759,0.0346503653463044,0.0378689125507065,0.037398283662754,0.0752660493649756,0.0738898921488186,0.0714173463908623,0.0626116799835299,0.0543636987827117,0.0629802761486813,0.0712790275493551,0.063463828795843,0.0705818563366496,0.0298208243719532,0.0497652944606084,0.050251331859832,0.0760669320604795,0.0647163527096933,0.0798073805293756,0.0635882926668544,0.0860783815789463,0.0760089536513871,0,0.0180003845771284,0.0182347061675366,0.0419911388044516,0.0434296801815922,0.0424592982897448,0.0539349033025285,0.0446669809318994,0.0449824047900752,0.0621801995729822,0.0831292287765412,0.0767637219790902,0.0592461335228074,0.0538536643541869,0.0649913074423128,0.053203889533564,0.045198255047454,0.0479414189069534,0.0400548959353129,0.0505732924513153,0.0411550319859448
"25",0.0523395537529635,0.0472915743762353,0.0479911623837885,0.042989973495506,0.0454615852395442,0.0458364382961393,0.0761943601805332,0.0742107455164891,0.0722329207421456,0.0648402130131835,0.0564108119058612,0.0647234474723789,0.0714581287931718,0.0647948694750508,0.0709616924305278,0.0333161514272163,0.0531968477563386,0.0516180814674154,0.0762828239450306,0.0609806533836929,0.0767721956925433,0.063747575838334,0.0889622074372402,0.0796692739540574,0.0180003845771284,0,0.0144714051196586,0.0477747771596028,0.0480082205707154,0.047962862753591,0.0525498765481191,0.0453485322848404,0.045633904915674,0.0632050957138483,0.0860331190010667,0.07651517271622,0.0605659807658427,0.0565001027336025,0.0683322614609323,0.0611339948549842,0.0524167135111688,0.05336009679529,0.0427347070165006,0.0547467730565381,0.0427447057403837
"26",0.0449662027954959,0.0393184883229422,0.0406465384231615,0.0397366396206401,0.0412766000916004,0.0418229890780836,0.0705066590273399,0.0677504249154485,0.0660002210878128,0.0625920940260269,0.0539473169925521,0.0625049614321956,0.0672751476441657,0.0599610710107291,0.0659887125991615,0.0296160249407151,0.052057319276865,0.0514497168366707,0.0753687305422805,0.0631644782975855,0.078526181297477,0.0570065813939791,0.0817668283074396,0.0713675320188163,0.0182347061675366,0.0144714051196586,0,0.0392962096396339,0.0401567906475332,0.039652870115302,0.055029541966544,0.0421568773939209,0.0426013757938198,0.0609598009031103,0.0818805379131867,0.0753514063862385,0.0569882005881529,0.0515059474945915,0.0648723082708427,0.058355690368914,0.0498207887748646,0.0504658738487341,0.0370225135222139,0.0459505922783207,0.0355843352450988
"27",0.0618421469355472,0.0590441565697277,0.0591030176951508,0.0506391368603793,0.0526611088880183,0.0525541397168999,0.0761979135911547,0.0754236957370278,0.0728497515533703,0.0837878315687085,0.077564752239842,0.085792999382691,0.0545958590722459,0.0459844958608008,0.0516377160228963,0.048842540271776,0.0741873045107464,0.0747073730484609,0.0962955406298609,0.0868495346902965,0.102017019231414,0.0718529990707014,0.0838680984427043,0.0712116489863851,0.0419911388044516,0.0477747771596028,0.0392962096396339,0,0.0169757718535875,0.0109956493037529,0.0647828602361825,0.0509390328021814,0.0497831231753914,0.0842290473973987,0.101699207967805,0.0989476675700645,0.0709168628799371,0.066874239312609,0.0825664312980276,0.0557838598666228,0.0519977172708213,0.0497537456261767,0.0531496332287572,0.0567584116238703,0.0508089011953802
"28",0.0637115871122937,0.0582001760761906,0.0586693152078738,0.0484544692181323,0.0494296169729542,0.0506629622440423,0.0747569189440517,0.0748350568227613,0.071569386476757,0.0865398783319455,0.0800295291645088,0.0887892914423764,0.0538656665178838,0.0431330796825058,0.0482439270851767,0.0478318198984591,0.0746453176003107,0.0766259614035495,0.0997974110327341,0.0885964435402121,0.104836279530094,0.0767521833540428,0.0935683522098191,0.0776613698419105,0.0434296801815922,0.0480082205707154,0.0401567906475332,0.0169757718535875,0,0.0173829446415788,0.0587198070113673,0.0491520537954755,0.0487888052249697,0.0876964414612612,0.106353493764456,0.102557540593339,0.0771042989927735,0.0727070059949513,0.0902273240834492,0.0558553782163707,0.0564493023511951,0.0493193887107165,0.0560720433176624,0.0633150141419246,0.0548940814671099
"29",0.0617960846712197,0.0595538809238494,0.0592637270983765,0.0493397843480193,0.050119975830321,0.0508752462728556,0.0726666919805458,0.073229763518374,0.0705249951760719,0.0829970053739758,0.0765474998531812,0.0850227152609513,0.0503268551143426,0.0439560826724529,0.0488190109694075,0.0460459287504306,0.0727397528021348,0.072414944330169,0.0948088590921668,0.0842571255953452,0.0997888460049908,0.0717594208127077,0.0838651928932421,0.0709214898909294,0.0424592982897448,0.047962862753591,0.039652870115302,0.0109956493037529,0.0173829446415788,0,0.0666443176669628,0.0513712799698955,0.0500918029437883,0.0820763255849835,0.100588027348092,0.0968466689711975,0.0665240108448206,0.063501289255045,0.0818177107636493,0.0537030384923758,0.0514416672798134,0.0487834547324669,0.0502840527421177,0.0575859997672003,0.0501873352158771
"30",0.0804159723031504,0.0733348987574952,0.0738546469669936,0.0636090617054156,0.0680635883562805,0.0695342078834444,0.0943595895878051,0.0954665156097877,0.0917917372277692,0.10161573085712,0.0949669259282696,0.10267759311208,0.0801131307613394,0.0722055576614328,0.0769523445809229,0.0650504945925606,0.0921053686725925,0.0922296732481353,0.113491159980396,0.0948208210009867,0.111873619942905,0.10600657232435,0.128116938933847,0.116018444042443,0.0539349033025285,0.0525498765481191,0.055029541966544,0.0647828602361825,0.0587198070113673,0.0666443176669628,0,0.0370399769173518,0.0435430580090293,0.105489167854968,0.125137391242016,0.11764338592843,0.102609675728356,0.0964174573928838,0.109491232207607,0.0631336340942826,0.0629267733708826,0.0567298713091505,0.079983813448243,0.0895664892760161,0.0797057790684923
"31",0.0577296001022298,0.0533034064524457,0.0528883248212475,0.0529642015316088,0.0544232566562525,0.0560771778499545,0.069370593230782,0.0699276927129353,0.0666972879821869,0.0823560686090469,0.075387158988717,0.0827937179355558,0.0617654772555437,0.0591120568717061,0.0615089763791759,0.0456940140885328,0.0735847416303123,0.0710124316299617,0.0914116339597408,0.0739606408571392,0.0906309699589326,0.0848382644814054,0.104417888597222,0.0935604083507402,0.0446669809318994,0.0453485322848404,0.0421568773939209,0.0509390328021814,0.0491520537954755,0.0513712799698955,0.0370399769173518,0,0.0127594346109803,0.0832712086858135,0.101661869171657,0.0957414930457223,0.0770798078280728,0.0713673742459634,0.0871856799042156,0.0431970601199408,0.0383278912352727,0.0348745654702288,0.0587582671877643,0.068389600836832,0.059015768318602
"32",0.0592128024846165,0.0547269498300626,0.0559300128247937,0.0555238385680696,0.0555842746661681,0.0568355416709595,0.0672482770174699,0.0689029350452965,0.0645083626738149,0.0825759483563216,0.07507767100485,0.0823285334493433,0.0563398761254396,0.0554957287483625,0.056573068789102,0.0441427079484874,0.0699078124460695,0.0675524602495221,0.0900701858252581,0.0700952426475276,0.0872818321430431,0.0823705665647089,0.102483988654916,0.0912616133666029,0.0449824047900752,0.045633904915674,0.0426013757938198,0.0497831231753914,0.0487888052249697,0.0500918029437883,0.0435430580090293,0.0127594346109803,0,0.0812850042237574,0.100691007448929,0.0926022064809975,0.0747726235223769,0.0697739963670828,0.0859827231902891,0.0381413955803882,0.031746792665586,0.0279317783829442,0.0572885320840817,0.0665537097977936,0.0570660429127309
"33",0.0512202853830438,0.0558960825845538,0.0549622895117903,0.0610451365591294,0.0586232427099163,0.0580138712009485,0.0817207003797554,0.0744126591811806,0.0766702472211141,0.0293426459943993,0.0219444151848093,0.0236253260113964,0.101191553826316,0.100775601133974,0.104887397166815,0.0570073330034333,0.0344303123711022,0.0295046146956721,0.0299542368526985,0.0399847904556302,0.0401881445263956,0.0425184408777786,0.0705956008686877,0.0681516950727088,0.0621801995729822,0.0632050957138483,0.0609598009031103,0.0842290473973987,0.0876964414612612,0.0820763255849835,0.105489167854968,0.0832712086858135,0.0812850042237574,0,0.0317599408396275,0.0214314639763931,0.0445594743934835,0.0423285581499726,0.0366759841159313,0.0845638191630618,0.0740403184750643,0.0817081602933673,0.0471720841492789,0.0515181418759239,0.0474341344730736
"34",0.0611122860044123,0.0668264835431804,0.0669876768090613,0.0793976908834901,0.078318475055303,0.0775838243614087,0.0894517762099847,0.0792278554439783,0.0835096819758435,0.0391518301768677,0.0377562362480417,0.0315323249251197,0.121791724380338,0.11847504888499,0.123355787780846,0.0756339991142455,0.0511308217368898,0.0489655085973556,0.0402285887539054,0.0668410658236676,0.060202544685174,0.0524659588511963,0.0656639943650901,0.0679365542957915,0.0831292287765412,0.0860331190010667,0.0818805379131867,0.101699207967805,0.106353493764456,0.100588027348092,0.125137391242016,0.101661869171657,0.100691007448929,0.0317599408396275,0,0.0306376480957114,0.0597142047474803,0.0581541656438512,0.0426739508016554,0.106121378649401,0.093301528836672,0.102504111251195,0.067096366931437,0.0677076344324074,0.0689724843952153
"35",0.0649099204928706,0.0683067541195511,0.0704200830121107,0.0763687305409394,0.0741677723614943,0.073670039057593,0.0887726209708478,0.0816987592159232,0.0837836693722241,0.0402987643263952,0.035302522988987,0.0314133186316585,0.11223378545416,0.112125942152612,0.115777334721155,0.0701194494059789,0.0424059835446502,0.0377192220068076,0.0328962186304631,0.0445555035617776,0.0378702534108207,0.0517156099738812,0.0759082680218735,0.0758661411818139,0.0767637219790902,0.07651517271622,0.0753514063862385,0.0989476675700645,0.102557540593339,0.0968466689711975,0.11764338592843,0.0957414930457223,0.0926022064809975,0.0214314639763931,0.0306376480957114,0,0.0560185214404039,0.055921750842895,0.045436295603435,0.0969906047306538,0.0844506135921421,0.0933873891154503,0.0618171202743631,0.0669342904143469,0.0633873536181899
"36",0.0548812739400036,0.0606054295820891,0.0589472374068231,0.064168589112501,0.0619977007803478,0.0627118951599379,0.0637643648174915,0.0619317517191476,0.0625657283463841,0.0594631370154774,0.0521279400114177,0.0569098736005038,0.0829273246922592,0.0843448556859484,0.0867253903771357,0.0477221122860443,0.0519185738387393,0.0433261345990843,0.0621545133394455,0.0604427705315442,0.0680938478878964,0.0543223638462623,0.0587218444419576,0.0581446040908802,0.0592461335228074,0.0605659807658427,0.0569882005881529,0.0709168628799371,0.0771042989927735,0.0665240108448206,0.102609675728356,0.0770798078280728,0.0747726235223769,0.0445594743934835,0.0597142047474803,0.0560185214404039,0,0.0245357772743089,0.0457408177230665,0.0795354448885466,0.0685587909729701,0.0758162095411836,0.0431841001625251,0.0556371314900693,0.0506309780301631
"37",0.04187724458996,0.0510044239788071,0.049828914015394,0.0576803431435974,0.0556895828117192,0.0545468675118503,0.071657045999257,0.0674635283130841,0.0685586121625746,0.0508527102982429,0.0439371371851431,0.0495595388685589,0.0883917361763447,0.088653092628458,0.0915472982619146,0.0463934511381761,0.0490298564591291,0.0421431044304517,0.057425446540072,0.0580136462169763,0.0661009405602075,0.0445078356472239,0.0626247214251102,0.0603673738826656,0.0538536643541869,0.0565001027336025,0.0515059474945915,0.066874239312609,0.0727070059949513,0.063501289255045,0.0964174573928838,0.0713673742459634,0.0697739963670828,0.0423285581499726,0.0581541656438512,0.055921750842895,0.0245357772743089,0,0.0328443995942537,0.0714783009460057,0.0637328209148153,0.0738250388179772,0.0458956723800314,0.0497361546751414,0.0475834188396548
"38",0.0482345800114901,0.0592532937004757,0.0583811289649131,0.068611094985645,0.0698824512598576,0.0670521795090006,0.0904913706354923,0.0819912076773908,0.0853212376673761,0.0376269438621209,0.0356057456860296,0.0358556843108596,0.109172195525259,0.106999649756039,0.112186122401123,0.0655156610124921,0.051819471963771,0.0462652836884801,0.0435223060014236,0.0600989109153627,0.0592804741055624,0.0409592186136761,0.0573998315374405,0.0618745068557703,0.0649913074423128,0.0683322614609323,0.0648723082708427,0.0825664312980276,0.0902273240834492,0.0818177107636493,0.109491232207607,0.0871856799042156,0.0859827231902891,0.0366759841159313,0.0426739508016554,0.045436295603435,0.0457408177230665,0.0328443995942537,0,0.0869793130539036,0.0755763486664013,0.0891163185587614,0.0571872114383152,0.0536330886143245,0.0562038470137056
"39",0.0698778884087683,0.0713663058032973,0.0702207264644963,0.0564684894751736,0.0539395949162556,0.05341802208842,0.0843507623178702,0.0876903674411254,0.0833380678213905,0.0865742773550206,0.0803244177487163,0.0881473973755221,0.0623656476162227,0.067143479259466,0.0679396541175955,0.05622270910791,0.0752991780522349,0.0740636596672658,0.093188444046222,0.0730288877553158,0.0899225858656196,0.0894956096452954,0.110455213258102,0.0992512256521053,0.053203889533564,0.0611339948549842,0.058355690368914,0.0557838598666228,0.0558553782163707,0.0537030384923758,0.0631336340942826,0.0431970601199408,0.0381413955803882,0.0845638191630618,0.106121378649401,0.0969906047306538,0.0795354448885466,0.0714783009460057,0.0869793130539036,0,0.0250403907590753,0.027055943347082,0.0634160593466519,0.0699655928241269,0.0632370956358573
"40",0.0627231584980724,0.0634786744039814,0.0639189550567576,0.05383868303219,0.0533627397758769,0.0528875873399917,0.0737798033562705,0.0760529196432901,0.0720607960235526,0.077397287351141,0.0704969292461389,0.0771540806483903,0.05962178247173,0.0616312921178945,0.0643377388174138,0.0474780238008114,0.0654589038255248,0.0627271047509091,0.0830939839998127,0.0649339532296026,0.0802343401552749,0.0803935879512457,0.0952207434375386,0.0866623881440633,0.045198255047454,0.0524167135111688,0.0498207887748646,0.0519977172708213,0.0564493023511951,0.0514416672798134,0.0629267733708826,0.0383278912352727,0.031746792665586,0.0740403184750643,0.093301528836672,0.0844506135921421,0.0685587909729701,0.0637328209148153,0.0755763486664013,0.0250403907590753,0,0.0218808568641843,0.052363779593398,0.0606917736919206,0.0542003102433579
"41",0.0690159759545084,0.0655976921587063,0.0655208605166609,0.054296826127738,0.0525578654321129,0.0540724976170333,0.0695754575213731,0.0735195894831584,0.0683115070998907,0.0855850629783999,0.0783047323883536,0.085944864566903,0.0476674438388306,0.0492216390495493,0.0508411610105837,0.0477551384603267,0.0702936675104267,0.0695270027740964,0.0921335542429958,0.0713561865674386,0.0885500080131643,0.0877535363552303,0.103155363593886,0.0906941857142779,0.0479414189069534,0.05336009679529,0.0504658738487341,0.0497537456261767,0.0493193887107165,0.0487834547324669,0.0567298713091505,0.0348745654702288,0.0279317783829442,0.0817081602933673,0.102504111251195,0.0933873891154503,0.0758162095411836,0.0738250388179772,0.0891163185587614,0.027055943347082,0.0218808568641843,0,0.0529703036770645,0.0647092262977433,0.0554968249843056
"42",0.0456919558905702,0.0438096191313379,0.0419513585670551,0.0440136863794872,0.0434423390690477,0.0456236360149236,0.0584104945578058,0.0549366842086852,0.0551795146606361,0.0526613315559961,0.0453839289980826,0.0530436106399279,0.0653281050894759,0.0618201824144166,0.0678261753318738,0.0358957555437634,0.0457835636322316,0.0430090445517283,0.0609131118547451,0.0549205587183565,0.0668832946799393,0.0552438602102125,0.0675621910509727,0.0575747849651119,0.0400548959353129,0.0427347070165006,0.0370225135222139,0.0531496332287572,0.0560720433176624,0.0502840527421177,0.079983813448243,0.0587582671877643,0.0572885320840817,0.0471720841492789,0.067096366931437,0.0618171202743631,0.0431841001625251,0.0458956723800314,0.0571872114383152,0.0634160593466519,0.052363779593398,0.0529703036770645,0,0.0357027014255612,0.0219448289779684
"43",0.0496347770217279,0.0507087553691161,0.0499234574631006,0.0549553501459753,0.0542629853068535,0.0526794464887585,0.0810315355736121,0.0750156196028782,0.0753242922479743,0.0573243440905745,0.0506574845175852,0.057195851065209,0.0820107242647018,0.0800026184876655,0.0849761990250601,0.0535906368219187,0.0554665074015735,0.0561710639850745,0.0673075653125942,0.0649959242021467,0.0747714735951624,0.047221131957754,0.0682549439686459,0.0620231715050594,0.0505732924513153,0.0547467730565381,0.0459505922783207,0.0567584116238703,0.0633150141419246,0.0575859997672003,0.0895664892760161,0.068389600836832,0.0665537097977936,0.0515181418759239,0.0677076344324074,0.0669342904143469,0.0556371314900693,0.0497361546751414,0.0536330886143245,0.0699655928241269,0.0606917736919206,0.0647092262977433,0.0357027014255612,0,0.019635837508967
"44",0.0449633976573156,0.0435123939817365,0.0420897324598282,0.0459249013414982,0.0451812762489963,0.04515412329345,0.0716914372182172,0.0664207521424035,0.0665006804336025,0.0525420598236543,0.0452797740480191,0.0533250687582328,0.0707020251652423,0.069010932306079,0.0740678404739312,0.0429458498428453,0.048374925081978,0.0474526646540859,0.0614579114142919,0.0539883225724946,0.0665814324999807,0.0477281612001606,0.0715659099371679,0.0626056456660121,0.0411550319859448,0.0427447057403837,0.0355843352450988,0.0508089011953802,0.0548940814671099,0.0501873352158771,0.0797057790684923,0.059015768318602,0.0570660429127309,0.0474341344730736,0.0689724843952153,0.0633873536181899,0.0506309780301631,0.0475834188396548,0.0562038470137056,0.0632370956358573,0.0542003102433579,0.0554968249843056,0.0219448289779684,0.019635837508967,0
